0: [56, 76, 75, 95]
1: [54, 85, 22, 3]
2: [20, 77, 6, 48, 62, 63]
3: [79, 13, 87]
4: [78, 80, 67, 75, 53, 82, 62]
5: [57, 96, 70, 1, 12, 0, 61, 77]
6: [50, 58, 10, 15, 21, 0, 64]
7: [4, 42, 38, 0, 93, 72, 95, 87, 81, 68]
8: [69, 19, 71, 68, 38, 10, 17]
9: [78, 39, 66, 33, 35, 10]
10: [53, 21, 65, 47, 51, 23, 0]
11: [71, 85, 61, 17]
12: [15, 55, 59]
13: [30, 7, 51, 24, 53, 66, 69]
14: [91, 64, 74, 22, 87]
15: [81, 27, 40, 43]
16: [5, 6, 82]
17: [13, 20]
18: [89, 62, 50, 17]
19: [85, 57, 0]
20: [65, 95, 5, 46, 42, 43, 50]
21: [71, 52, 9, 27, 97, 16, 90, 66]
22: [78, 61, 88, 59, 66, 38, 30, 47, 71]
23: [29, 54, 81, 5, 15, 77, 33, 32, 84, 20]
24: [34, 69, 28, 10, 85]
25: [99]
26: [68, 15, 32, 1]
27: [5, 95, 25]
28: [86, 80]
29: [67, 9, 26, 44]
30: [6, 0, 83, 98, 5, 37, 8, 93, 15]
31: [6, 58, 92]
32: [95, 42, 89, 62, 73, 88, 21, 98, 28, 90]
33: [34, 88, 68, 28]
34: [20, 98, 85, 12, 8, 18, 51, 63, 11]
35: [25, 81, 54, 3, 17, 15, 84, 80, 19, 21]
36: [78, 22, 66, 20, 93, 31, 75, 27, 17]
37: [13, 14, 32, 76, 4, 44, 36, 24]
38: [5, 67, 18, 72]
39: [72, 89, 59, 6, 58, 46]
40: [90, 86, 78, 25]
41: [75, 50, 48, 69, 47, 67, 11, 26, 59, 52]
42: [53, 24]
43: [11, 26]
44: [5, 22]
45: [90, 86, 80, 76, 74, 32]
46: [74, 45, 89, 7, 53, 92, 10]
47: [97, 43, 23, 68]
48: [35, 51, 22, 45, 65, 99]
49: [56, 81, 5, 97, 91, 52, 92, 42]
50: [95]
51: [88, 52, 66, 18, 31, 28]
52: [57, 81, 41, 79, 54, 33]
53: [81, 76]
54: [41]
55: [3, 21, 36, 39, 0, 72, 60, 22, 66]
56: [48]
57: [95, 49, 55, 0, 30, 73, 81, 56]
58: [30, 86, 2]
59: [24, 57, 66, 26]
60: [97, 24, 16, 99]
61: [84, 68, 55, 41, 35, 97, 89, 80, 58]
62: [21, 95, 63, 20, 46, 68, 19, 2, 86]
63: [14, 81, 33, 26, 73, 74, 68, 32, 10]
64: [10, 32, 48, 44, 40, 53, 12]
65: [81, 85, 23, 92, 84]
66: [44, 12, 82, 70, 20]
67: [8, 11, 58, 82, 24, 83]
68: [39, 17, 53, 23, 27, 4, 2]
69: [72, 39, 22, 15, 48, 20, 93, 60, 31]
70: [4, 8, 27, 81, 15, 9]
71: [73, 92, 8]
72: [83, 24, 22, 26, 95, 89, 98, 43, 55]
73: [27]
74: [60, 43, 88, 28, 16, 50, 6, 18, 78, 99]
75: [11, 89, 51, 85]
76: [54, 74, 56, 96]
77: [16, 44, 31, 10, 65, 1, 48, 96]
78: [50, 63, 79, 35, 19, 23, 8]
79: [30, 44, 90]
80: [61, 89, 66, 97, 14, 35, 47, 60, 67]
81: [33, 87, 23, 70]
82: [89, 63, 7, 51, 28]
83: [44, 71, 99]
84: [92, 20, 2, 16, 97]
85: [82, 50, 1, 92, 2, 42]
86: [60, 89, 95, 92, 7, 78, 54, 11]
87: [67, 82, 1, 68, 70, 36, 3, 95, 45, 84]
88: [78, 82, 56, 46, 77, 58, 11, 0]
89: [80, 31, 10, 23, 79, 18, 69]
90: [83, 38]
91: [69, 81, 86, 76, 27, 55]
92: [95, 32, 88, 24, 82]
93: [35, 60, 41, 91, 34, 99]
94: [97, 7, 3, 60, 57]
95: [98, 10, 38, 59, 62, 72, 75]
96: [97, 35]
97: [54, 38]
98: [62, 41, 20, 40, 75]
99: [36, 66, 43, 19, 24, 70]
